Time,Dialog,Character,LastTime,TimePreWord
52.78621,OH HELL. IT RAINS.,MainCharacter,5.185017,1.037003
57.97123,...,ThisCharacter,1.05201,0.5260048
59.02324,I DON'T HAVE AN UMBRELLA WITH ME.,MainCharacter,1.523659,0.1904573
60.54689,IT HAPPENS.,ThisCharacter,1.176231,0.3920771
61.72313,MAYBE YOU WANT TO WAIT TILL THE RAIN STOPS.,ThisCharacter,1.673233,0.1673233
63.39636,HMM- I CANT.,MainCharacter,0.6462135,0.1615534
64.04257,HEADING HOME?  ,ThisCharacter,0.6956863,0.1391373
64.73826,NOT REALLY.,MainCharacter,0.8283386,0.2761129
65.5666,(SIGH) JUST- HEADING BACK. ,MainCharacter,0.8945999,0.1491
105.9014,HELLO.,Girl,1.597473,0.7987366
107.4989,HI.,MainCharacter,1.066032,0.5330162
108.5649,I SAW YOU TRYING TO WALK IN THE RAIN JUST THEN.,Girl,1.853165,0.1544304
110.4181,I- YEAH- (BITTERLY) I DIDN'T MEAN IT.,MainCharacter,1.113663,0.1392078
111.5318,THE RAIN IS TOO HEAVY YOU CAN'T GO LIKE THIS.,Girl,2.47364,0.2248764
114.0054,I KNOW- BUT I DON'T HAVE ONE WITH ME,MainCharacter,1.330246,0.1330246
115.3357,TRY SEE IF ANYONE CAN TAKE YOU.,Girl,1.53476,0.1918449
116.8704,RIGHT.,MainCharacter,0.9653778,0.4826889
120.2235,HEY- YOU ARE BACK,Girl,1.777496,0.3554993
122.001,YEAH. WELL- ARE YOU WAITING FOR SOMEONE IN HERE?,MainCharacter,1.280495,0.1280495
123.2815,I’M HEADING BACK SOON. GOTTA FINISH MY CIGARETTE.,Girl,1.379784,0.1533093
124.6613,OH- SURE. HOPE YOU DON’T MIND.  I’M JUST CURIOUS.,MainCharacter,0.9804688,0.08913352
125.6418,I KNOW IT MAY SEEM WEIRD. BUT …,Girl,0.8780518,0.09756131
126.5198,BUT ? ,MainCharacter,0.6478806,0.1619701
127.1677,NOTHING- I’M KINDA- JUST ENJOYING THE RAIN. BYE.,Girl,1.293861,0.1437624
128.4615,BYE,MainCharacter,0.7641144,0.3820572
147.122,HEY- YOU ARE BACK,Girl,0.9602661,0.1920532
148.0823,YEAH. WELL- ARE YOU WAITING FOR SOMEONE IN HERE?,MainCharacter,0.9111633,0.09111633
148.9934,I’M HEADING BACK SOON. GOTTA FINISH MY CIGARETTE.,Girl,0.9171753,0.1019084
149.9106,OH- SURE. HOPE YOU DON’T MIND.  I’M JUST CURIOUS.,MainCharacter,0.9439545,0.08581404
150.8546,I KNOW IT MAY SEEM WEIRD. BUT …,Girl,0.9277802,0.1030867
151.7823,BUT ? ,MainCharacter,0.4969635,0.1242409
152.2793,NOTHING- I’M KINDA- JUST ENJOYING THE RAIN. BYE.,Girl,0.5639801,0.06266446
152.8433,BYE,MainCharacter,0.7116852,0.3558426
241.7419,You don't have an umbrella?,ThisCharacter,1.688095,0.2813492
243.43,Yes.,MainCharacter,0.8283386,0.4141693
244.2583,Then wait till the rain stops.,ThisCharacter,1.522385,0.2174835
247.3685,You don't have an umbrella?,ThisCharacter,0.7620544,0.1270091
248.1306,Yes.,MainCharacter,0.5632782,0.2816391
248.6939,Then wait till the rain stops.,ThisCharacter,3.633926,0.5191323
285.8145,EXCUSE ME- CAN I WALK WITH YOU?,MainCharacter,1.102448,0.1378059
286.917,I DON‘T HAVE AN UMBRELLA WITH ME,MainCharacter,0.7291565,0.09114456
287.6461,SURE.,ThisCharacter,0.6127625,0.3063812
290.5305,The rain sucks.,MainCharacter,3.876892,0.969223
294.4073,It's not the worst- right?,ThisCharacter,0.7783508,0.1297251
302.3807,How's the day?,MainCharacter,0.03314209,0.008285522
302.4967,It rains in the morning. Then it rains in the afternoon.,ThisCharacter,9.547516,0.7956263
364.2344,Hello?,MainCharacter,0.03314209,0.01657104
364.2675,(Ignore you),ThisCharacter,0.9443054,0.3147685
498.8997,Hello?,MainCharacter,0.4302673,0.2151337
499.5288,(Ignore you),ThisCharacter,0.7785645,0.2595215
500.5909,Could I ...,None,0.6958008,0.1739502
549.424,No. ,None,4.48999,1.496663
555.822,Hello?,MainCharacter,1.573853,0.7869263
557.3959,(Ignore you),ThisCharacter,0.6538696,0.2179565
558.3315,Could I ...,None,3.462402,0.8656006
566.5651,No. ,None,2.203369,0.7344564
568.7685,Hey- see you again.,MainCharacter,0.8945923,0.1789185
569.6631,OH- HI. ARE YOU FOLLOWING ME?,Girl,1.209717,0.1728167
570.8728,I’M ...NO..I’M JUST ,MainCharacter,0.9273682,0.1854736
571.8002,I’M KIDDING. NO WORRIES. I RECOGNIZE YOU- I THINK WE LIVED IN THE SAME NEIGHBORHOOD.,Girl,3.301147,0.2063217
575.1013, YOU LOOK FAMILIAR TO ME TOO. BUT I DONT THINK I VE SEEN YOU.  JUST FAMILIAR. ,MainCharacter,2.799744,0.1399872
577.9011,WANT A RIDE?,Girl,0.7790527,0.1947632
578.6801,WHAT?,MainCharacter,0.496582,0.248291
579.1767,I SAW YOU DON'T HAVE AN UMBRELLA. AND WE LIVE CLOSE. I THINK WE CAN GO TOGETHER.,Girl,2.07135,0.115075
581.248,OF COURSE. THANK YOU!,MainCharacter,0.4967041,0.09934082
582.0615,Hey,MainCharacter,2.037476,1.018738
584.0989,What?,Girl,0.5802002,0.2901001
584.6791,Well...Nothing,MainCharacter,0.5629272,0.2814636
587.1971,Hey,MainCharacter,0.612793,0.3063965
587.8099,What?,Girl,0.5467529,0.2733765
588.3566,Well...Nothing,MainCharacter,5.126099,2.563049
602.2698,Hey,MainCharacter,4.595337,2.297668
606.8651,What?,Girl,0.4804688,0.2402344
607.3456,Well...Nothing,MainCharacter,0.546814,0.273407
617.8452,WHAT AN EVENING HUH~? ,MainCharacter,1.109314,0.1848857
618.9545,YEP,ThisCharacter,0.6871948,0.3435974
619.9481,WHAT AN EVENING HUH~? ,MainCharacter,2.816345,0.4693909
622.7645,YEP,ThisCharacter,0.5633545,0.2816772
630.1867,Hey,MainCharacter,0.8021851,0.4010925
630.9889,What?,Girl,0.7463989,0.3731995
631.7353,Well...Nothing,MainCharacter,0.9434814,0.4717407
662.2307,Do you like Rain?,MainCharacter,0.5464478,0.1092895
662.7772,It depends.,Girl,0.7200317,0.2400106
663.4972,Depends on what?,MainCharacter,0.8358154,0.2089539
664.333,Whether the sky is sad or not.,Girl,0.9129028,0.1141129
665.5275,Do you like Rain?,MainCharacter,1.100159,0.2200317
666.6277,It depends.,Girl,0.5709229,0.1903076
667.1986,Depends on what?,MainCharacter,0.7454834,0.1863708
667.9441,Whether the sky is sad or not.,Girl,0.6374512,0.0796814
728.3904,Hey,MainCharacter,1.225891,0.6129456
729.6163,What?,Girl,0.6466675,0.3233337
730.263,Well...Nothing,MainCharacter,0.5958252,0.2979126
740.4513,Do you like Rain?,MainCharacter,0.8776855,0.1755371
741.329,It depends.,Girl,0.4804077,0.1601359
741.8094,Depends on what?,MainCharacter,1.448181,0.3620453
743.2576,Whether the sky is sad or not.,Girl,0.3806152,0.0475769
749.9836,THE ROAD’S BLOCKED,MainCharacter,1.142578,0.2856445
751.1262,COME WITH ME- THIS WAY.,Girl,0.6464233,0.1077372
756.8262,Do you like Rain?,MainCharacter,1.706177,0.3412353
758.5323,It depends.,Girl,0.3810425,0.1270142
758.9134,Depends on what?,MainCharacter,0.3225708,0.0806427
759.236,Whether the sky is sad or not.,Girl,0.4796753,0.05995941
771.7361,HEY,Girl,1.187561,0.5937805
772.9236,WHAT?,MainCharacter,0.5093994,0.2546997
773.433,WANT SOME MUSIC?,Girl,0.708313,0.1770782
774.1414,Er..,MainCharacter,0.5498047,0.2749023
774.6912,What kind of music do you like?,Girl,0.4459229,0.05574036
775.1371,Pop?,Girl,0.4776001,0.2388
775.6147,Rock? Classic?,Girl,0.4514771,0.1504924
776.0662,**RAIN** I LIKE the song have a 'rain' in its name.,MainCharacter,1.746399,0.1455332
777.8126,Here you are. my music player.,Girl,0.532959,0.076137
778.3455,Choose a song you like.,Girl,0.6504517,0.1084086
791.2497,Hey,MainCharacter,0.8388672,0.4194336
792.0886,What?,Girl,0.5050049,0.2525024
792.5936,Well...Nothing,MainCharacter,0.3455811,0.1727905
805.9221,Do you like her voice?,Girl,1.270691,0.2117818
807.1927,Yes. It's nice. ,MainCharacter,0.6965942,0.1393189
807.8893,Well- it breaks my heart.,Girl,1.16748,0.1945801
867.227,Do you like Rain?,MainCharacter,0.4802246,0.09604492
867.7072,It depends.,Girl,0.6323853,0.2107951
868.3396,Depends on what?,MainCharacter,0.4311523,0.1077881
868.7708,Whether the sky is sad or not.,Girl,0.4389648,0.05487061
869.4846,Hey,MainCharacter,1.040894,0.5204468
870.5255,What?,Girl,0.5325317,0.2662659
871.058,Well...Nothing,MainCharacter,0.4863892,0.2431946
